INFO [02-14|12:35:29.563] Submitted contract creation              hash=0xe0287ba05cd04658b078f034a1c0d525c42f000e07007600fd5ac2bffd2fca4e from=0xBE69d72ca5f88aCba033a063dF5DBe43a4148De0 nonce=0 contract=0xd594760B2A36467ec7F0267382564772D7b0b73c value=0 data="[96 128 96 64 82 52 128 21 97 0 16 87 96 0 128 253 91 80 97 1 238 128 97 0 32 96 0 57 96 0 243 254 96 128 96 64 82 96 4 54 16 97 0 41 87 96 0 53 96 224 28 128 99 58 176 233 135 20 97 0 46 87 128 99 84 53 63 47 20 97 0 80 87 91 96 0 128 253 91 52 128 21 97 0 58 87 96 0 128 253 91 80 97 0 78 97 0 73 54 96 4 97 1 23 86 91 97 0 110 86 91 0 91 97 0 88 97 0 164 86 91 96 64 81 97 0 101 145 144 97 1 84 86 91 96 64 81 128 145 3 144 243 91 96 64 81 129 129 82 127 215 63 25 157 36 80 108 106 102 241 86 118 95 36 52 201 39 56 57 20 193 13 61 228 137 240 16 198 64 134 226 154 144 96 32 1 96 64 81 128 145 3 144 161 80 86 91 96 64 81 96 96 144 127 66 176 212 76 32 70 174 170 106 61 97 222 217 225 38 212 176 254 31 228 51 87 62 246 98 92 248 191 93 129 182 58 144 96 0 144 161 96 64 128 81 96 1 96 32 130 1 82 99 58 176 233 135 96 224 27 145 1 96 64 128 81 96 31 25 129 132 3 1 129 82 144 130 144 82 97 1 3 146 145 96 32 1 97 1 135 86 91 96 64 81 96 32 129 131 3 3 129 82 144 96 64 82 144 80 144 86 91 96 0 96 32 130 132 3 18 21 97 1 41 87 96 0 128 253 91 80 53 145 144 80 86 91 96 0 91 131 129 16 21 97 1 75 87 129 129 1 81 131 130 1 82 96 32 1 97 1 51 86 91 80 80 96 0 145 1 82 86 91 96 32 129 82 96 0 130 81 128 96 32 132 1 82 97 1 115 129 96 64 133 1 96 32 135 1 97 1 48 86 91 96 31 1 96 31 25 22 145 144 145 1 96 64 1 146 145 80 80 86 91 96 1 96 1 96 224 27 3 25 131 22 129 82 129 81 96 0 144 97 1 170 129 96 4 133 1 96 32 135 1 97 1 48 86 91 145 144 145 1 96 4 1 147 146 80 80 80 86 254 162 100 105 112 102 115 88 34 18 32 13 135 17 64 158 74 128 68 152 49 18 197 65 130 231 185 228 250 192 82 8 216 246 101 244 220 51 18 212 62 150 177 100 115 111 108 99 67 0 8 19 0 51]"
_1_6
0xe0287ba05cd04658b078f034a1c0d525c42f000e07007600fd5ac2bffd2fca4e <nil>
INFO [02-14|12:35:29.564] Commit new sealing work                  number=1 sealhash=86a8ee..33d847 uncles=0 txs=1 gas=160,027 fees=2.000337516e-05 elapsed="391.625µs"
INFO [02-14|12:35:29.564] Successfully sealed new block            number=1 sealhash=86a8ee..33d847 hash=56f538..cc34cd elapsed="414.541µs"
INFO [02-14|12:35:29.565] "🔨 mined potential block"                number=1 hash=56f538..cc34cd
INFO [02-14|12:35:29.565] Commit new sealing work                  number=2 sealhash=15e378..f79b17 uncles=0 txs=0 gas=0       fees=0               elapsed="377.25µs"
WARN [02-14|12:35:29.565] Block sealing failed                     err="sealing paused while waiting for transactions"
INFO [02-14|12:35:29.565] Commit new sealing work                  number=2 sealhash=15e378..f79b17 uncles=0 txs=0 gas=0       fees=0               elapsed="432.875µs"
_A_
_C_
_E_
_GO_FOR_IT_
_1_5
INFO [02-14|12:35:29.673] Submitted transaction                    hash=0x35e8ef21ea603a09e119982ce0a79e3835d68e14af348c68093560e0fd34004f from=0xBE69d72ca5f88aCba033a063dF5DBe43a4148De0 nonce=1 recipient=0xd594760B2A36467ec7F0267382564772D7b0b73c value=0
_1_6
0x35e8ef21ea603a09e119982ce0a79e3835d68e14af348c68093560e0fd34004f <nil>
INFO [02-14|12:35:29.674] Commit new sealing work                  number=2 sealhash=250068..5e1559 uncles=0 txs=1 gas=22462   fees=5.238321173e-06 elapsed="409.333µs"
INFO [02-14|12:35:29.674] Successfully sealed new block            number=2 sealhash=250068..5e1559 hash=d63a8e..d7b34c elapsed="519.334µs"
INFO [02-14|12:35:29.674] "🔨 mined potential block"                number=2 hash=d63a8e..d7b34c
INFO [02-14|12:35:29.675] Commit new sealing work                  number=3 sealhash=23d2c4..d95cd7 uncles=0 txs=0 gas=0       fees=0               elapsed="479.542µs